1.000000000000000000e+04 8.888888888888888881e-03
1.050505050505050531e+04 8.183674467719025125e-03
1.101010101010101062e+04 7.556006483314109748e-03
1.151515151515151592e+04 6.994900342572406282e-03
1.202020202020201941e+04 6.491276147035952675e-03
1.252525252525252472e+04 6.037569488433217925e-03
1.303030303030303003e+04 5.627433287073557895e-03
1.353535353535353534e+04 5.255506832220086313e-03
1.404040404040404064e+04 4.917235052046767772e-03
1.454545454545454413e+04 4.608725761772855013e-03
1.505050505050504944e+04 4.326635932864390452e-03
1.555555555555555475e+04 4.068080357142857782e-03
1.606060606060606005e+04 3.830557750292126230e-03
1.656565656565656536e+04 3.611890551004651607e-03
1.707070707070707067e+04 3.410175560696676687e-03
1.757575757575757598e+04 3.223743227241737848e-03
1.808080808080808129e+04 3.051123868862385454e-03
1.858585858585858659e+04 2.891019506282603395e-03
1.909090909090908826e+04 2.742280254448995445e-03
1.959595959595959721e+04 2.603884442478863331e-03
2.010101010101009888e+04 2.474921798556831923e-03
2.060606060606060782e+04 2.354579167376462390e-03
2.111111111111110949e+04 2.242128330321787200e-03
2.161616161616161480e+04 2.136915579524703481e-03
2.212121212121212011e+04 2.038352761173342024e-03
2.262626262626262542e+04 1.945909554720565279e-03
2.313131313131313073e+04 1.859106795789108348e-03
2.363636363636363603e+04 1.777510683760683864e-03
2.414141414141414134e+04 1.700727741940460209e-03
2.464646464646464301e+04 1.628400420098541140e-03
2.515151515151515196e+04 1.560203247113040991e-03
2.565656565656565363e+04 1.495839456163210396e-03
2.616161616161616257e+04 1.435038017066180959e-03
2.666666666666666424e+04 1.377551020408163737e-03
2.717171717171716955e+04 1.323151366480254621e-03
2.767676767676767486e+04 1.271630719002216862e-03
2.818181818181818016e+04 1.222797689454403584e-03
2.868686868686868547e+04 1.176476222739927932e-03
2.919191919191919078e+04 1.132504159028935743e-03
2.969696969696969609e+04 1.090731950126868190e-03
3.020202020202020140e+04 1.051021511666582007e-03
3.070707070707070670e+04 1.013245194938426153e-03
3.121212121212121201e+04 9.772848643152809434e-04
3.171717171717171732e+04 9.430310680608082821e-04
3.222222222222222263e+04 9.103822918780536807e-04
3.272727272727272430e+04 8.792442859030255922e-04
3.323232323232322960e+04 8.495294570079089643e-04
3.373737373737373855e+04 8.211563192795820173e-04
3.424242424242424022e+04 7.940489964047725991e-04
3.474747474747474189e+04 7.681367704434792975e-04
3.525252525252525083e+04 7.433536721239051258e-04
3.575757575757575978e+04 7.196381083592320524e-04
3.626262626262626145e+04 6.969325231810613412e-04
3.676767676767676312e+04 6.751830887163520712e-04
3.727272727272727207e+04 6.543394232128265297e-04
3.777777777777778101e+04 6.343543334493559685e-04
3.828282828282828268e+04 6.151835791590923698e-04
3.878787878787878435e+04 5.967856573493465723e-04
3.929292929292928602e+04 5.791216046280716094e-04
3.979797979797979497e+04 5.621548158461660543e-04
4.030303030303030391e+04 5.458508775410661398e-04
4.080808080808080558e+04 5.301774148231924548e-04
4.131313131313130725e+04 5.151039504852036096e-04
4.181818181818181620e+04 5.006017752369490035e-04
4.232323232323232514e+04 4.866438280783082172e-04
4.282828282828282681e+04 4.732045859194692109e-04
4.333333333333332848e+04 4.602599616450032917e-04
4.383838383838383743e+04 4.477872098956137484e-04
4.434343434343433910e+04 4.357648399107382875e-04
4.484848484848484804e+04 4.241725348372218235e-04
4.535353535353534971e+04 4.129910769648857758e-04
4.585858585858585866e+04 4.022022783997050320e-04
4.636363636363636033e+04 3.917889167301374497e-04
4.686868686868686927e+04 3.817346752824516483e-04
4.737373737373737094e+04 3.720240875972125115e-04
4.787878787878787989e+04 3.626424857917850421e-04
4.838383838383838156e+04 3.535759525032548876e-04
4.888888888888888323e+04 3.448112761328162544e-04
4.939393939393939218e+04 3.363359091368002367e-04
4.989898989898989385e+04 3.281379291313328453e-04
5.040404040404040279e+04 3.202060025973822331e-04
5.090909090909090446e+04 3.125293509908894313e-04
5.141414141414141341e+04 3.050977190789418950e-04
5.191919191919191508e+04 2.979013453377394628e-04
5.242424242424242402e+04 2.909309342615458470e-04
5.292929292929292569e+04 2.841776304440515508e-04
5.343434343434343464e+04 2.776329943047230165e-04
5.393939393939393631e+04 2.712889793428733534e-04
5.444444444444444525e+04 2.651379108114620378e-04
5.494949494949494692e+04 2.591724657110975661e-04
5.545454545454544859e+04 2.533856540124551551e-04
5.595959595959595754e+04 2.477708010224009914e-04
5.646464646464645921e+04 2.423215308155907957e-04
5.696969696969696815e+04 2.370317506592459862e-04
5.747474747474746982e+04 2.318956363642522833e-04
5.797979797979797877e+04 2.269076185007141738e-04
5.848484848484848044e+04 2.220623694206826863e-04
5.898989898989898938e+04 2.173547910349826404e-04
5.949494949494949105e+04 2.127800032949356734e-04
6.000000000000000000e+04 2.083333333333333196e-04
